michael:0611805226:43.73121533030761
liam:0658748977:44.918673509672324
